---
districts_va_8:
  id: 1
  district_number: 8
  state_id: 1
  center_lat: +38.7843890000
  center_lng: -77.1008733333
districts_ca_33:
  id: 2
  district_number: 33
  state_id: 2
  center_lat: +34.0085780000
  center_lng: -118.3454480000
